Kinase	Adenylate kinase isoenzyme 6 homolog FAP7, plays role in rRNA maturation
CephHydro	Cephalosporin hydroxylase
RBG1	GTP-binding protein RBG1
PP2054	Dicarboxylate transport associated transcriptional regulator, LysR family
YceL	Multidrug resistance protein MdtH
MitProt	Mitochondrial processing peptidase-like protein (EC 3.4.24.64)
YokF	Phage-encoded chromosome degrading nuclease YokF
PtsP	Phosphocarrier protein kinase/phosphorylase, nitrogen regulation associated
PRRDC	Pole remodelling regulatory diguanylate cyclase
DUF81.2	Protein of unknown function DUF81, type 2
YceH	Protein of unknown function YceH
YfcA	Transmembrane protein YfcA
RNaseL-inhib	RNase L inhibitor
MJ0294	Uncharacterized ATP-dependent helicase MJ0294
MviM	Virulence factor MviM
CspA	Cold shock protein CspA
PPi	Manganese-dependent inorganic pyrophosphatase (EC 3.6.1.1)
2.3.2.5	Glutaminyl-peptide cyclotransferase (EC 2.3.2.5)
Rsd	Regulator of sigma D
RsfA	Ribosomal silencing factor RsfA
aq_141	Uncharacterized HIT-like protein aq_141
//
All

All
//
635013.3	0																	2965			2728	3300
279010.5	0																	4125			3026	
377629.3	0											413	3298						2416	247	565	
484019.3	0																				1917	
717960.3	0																	840,1875			1896	
218491.3	0					1511						1509	1345			1508				3491	3357	
498211.3	0									3231									2305	164	3713	
358681.3	0												1013					3914			1979	2591
373903.4	0																				1421	1355
1235794.3	0																	1007			804	
1045004.4	0																	1393			1511	
313603.4	0																		2381		3029	
412965.6	0																					737
483218.5	0									2358								803			1893	
518766.5	0																				1729	982
272623.1	0																	1858			236	
373994.3	0																				7429	5876
233412.1	0												957								1706	
395965.4	0						1375		1683	462			2688								4254	
211586.9	0								1198			1675	2549					3751		398	1050	
219305.4	0																				654	
316056.14	0				826		4739		509	3271											4903	
638303.3	0																				1024	592
455632.3	0												5175								5085	
351348.5	0																				2716	3909
485914.4	0	1476												341								
887898.3	0																				2493	
272626.1	0																	1475			1510	
1005058.3	0												1994								1345	1901
257309.1	0																		735		1703	
573413.5	0															792		2720			1863	
349521.5	0									791		5338								5624	5115	692
340102.3	0	1287												1495								
391619.3	0						3205			3434			2535					1431			1914	
865937.3	0																		3307		2964	
929562.3	0																		1152		290	
869212.3	0									1693					4138						780	
749219.3	0																		578		172	
262724.1	0																				1412	
334390.3	0																	992			1428	
471870.8	0																		1577		4274	
264730.3	0																				4031	1182
247639.3	0																		2827		1626	
290402.34	0												4954					4165				831
273119.1	0																					
313598.3	0																		2507		2554	
1148.1	0																				1124	942
384616.5	0	368												619								
401473.3	0																				1172	989
266940.5	0																				4861	
482234.3	0																	1406			1346	
1234679.3	0							2442										1591			1141	
273116.1	0	622												1498								
511062.4	0											2541	1661								1233	
481448.4	0																				1416	
349161.4	0																	2062			2474	2449
584708.3	0									493								776			1512	1058
208964.1	0																				4004	657
926556.3	0																		702		2556	
395494.4	0									764											2707	451
743722.3	0											2352					2271		720		1134	
1112215.3	0																				574	
292459.1	0																				416	489
485918.6	0																		845		463	
856793.5	0						2174			1859											2367	
443254.3	0																	96			1196	
449447.3	0																				522	1603
314345.3	0		2720,26									1054									309	
350058.5	0																		5675		3851	
526225.7	0																		3125		1583	1636
267608.1	0																				2194	
945713.3	0																				2392	2017
883114.3	0																	707			663	
246195.3	0												388								462	
319225.3	0																				95	2056
557598.3	0																				3020	
1120924.3	0																				969	
186497.1	0	1174												686								
882378.3	0				475,476																2823	
367928.5	0																				925	762
572547.3	0																	1302			875	
454166.6	0					1979						1977	2471			1976				4269	691	
76114.4	0																				1123	2003
889201.3	0																	13			191	
290434.1	0																				872	
515619.6	0																	1246			1449	
309799.3	0																				134	
469378.5	0																	964			577	603
324602.4	0																		834		1262	
283165.1	0						319														1190	
760011.3	0																				1077	
99287.1	0					1128						1130	2305			1131				4007	622	
338966.5	0																	859			3538	
66692.3	0															81		2792			1604	
439235.3	0								223	3167			5352								4388	2226
209261.1	0					1644						1642	455			1641				3232	2083	
546414.3	0												1247					2370	1902		2262	
351627.4	0																				1738	1815
158879.1	0							762					1586					1788			1467	
439843.6	0					1309						1311	2658			1312				4317	891	
314225.8	0																				2641	
757424.7	0									2284											3600	
234826.3	0						132			500											702	
36870.1	0																					
178306.1	0	2086												1639								
283166.1	0						413														143	
349307.9	0	303												7				231				
991905.3	0		4410				3491		484												4282	
550540.3	0											3033						579		387	831	
266779.9	0						1362		3735	1981											4220	
523794.5	0																	1817			2345	
317025.3	0																				26	
633131.3	0						1805			3541								3232			3630	
485915.5	0																	1688	1414		1221	
195099.3	0												1675								1625	
387092.5	0																				1566	695
1238674.3	0																	1169			400	
339671.5	0												954								686	
386415.6	0																	1030				1592
865938.3	0																		809		538	
706433.3	0																	279,1391			1273	
85643.4	0											3425									3743	885
458817.3	0											1790	2688					2134		482	3203	
391296.7	0																	1550			339	
312309.3	0											3343						2742		2404	1251	983
272621.3	0																	1061			1523	
349741.3	0																	1302			373	
903503.4	0																					
861360.3	0																				1937	
246201.1	0																	1655			954	
205922.3	0																				5755	5706
281689.4	0																	3251			3122	1415
411461.4	0																	730			1420	
378753.3	0																				1106	
273068.3	0																	1847			219	387
85963.1	0																				1305	
641149.3	0																				1563	
760142.3	0																	194			290	1701
696281.4	0																				1130	1215
262723.3	0																					
537970.9	0												127								1166	
679192.3	0																	601,512			1398	
570508.5	0																				1454	
434923.3	0																				1451	1214
743718.4	0																				2029	
272943.3	0						814			2165								1499			2629	
279238.18	0												2297								60	
525328.4	0																	1099			998	
316275.9	0											3843						3982		2983	1026	1354
158878.1	0							815					1714					1919			1592	
360106.5	0												731								1370	
123214.3	0																				2027	
243160.4	0																				1451	
590409.4	0					2232						2230	2808			2229					4299	
323097.3	0						333		13	3257											118	
338187.4	0											3135	725					1411			953	
1122228.3	0																				644	
696127.4	0						726														496	
300267.13	0					2512,2513						2507	3041,3042			2506				4423	661	
272561.1	0																				786	
478749.5	0																	724			1071	
867902.3	0																				1905	
471871.7	0												776					997				686
490899.4	0	1419												1280								
171101.1	0																	1388			1587	
533240.4	0																				1709	1146
43989.3	0																				973	333
257313.1	0																				2024	3347
203907.1	0					431															294	
95666.5	0																					
70601.1	0	1232												839	1083							
312284.4	0																				139	
596154.3	0																				2364	865
100226.1	0												2450								2542	
688269.3	0																				30	
314267.3	0						2854											1573			2460	
742821.3	0																	2303			2183	1902
458233.11	0							1604,1951					1516					1799			1373	
318161.14	0											2223	2434					465		455	839	
313594.4	0																		82		1465	
1131462.4	0																	2825			2618	2585
395495.3	0																				1876	1545
880070.3	0																		2104		5517	
709032.3	0									921											543	
357244.3	0									358												
416269.5	0												850								1524	
1121862.3	0											4566	65							3362	534	1084
399795.3	0																				1753	
390236.5	0																				838	
210007.1	0																	1531			1629	
243090.15	0																1694	3425			2765	4711
667014.3	0																	346			1040	249
756272.5	0											5113			279				4772		5256	4361
321955.3	0																				3407	
438753.3	0		3632				2343		4683												4316	
404380.3	0												2464					604			3689	2617
351607.5	0																				761	
267747.1	0																				827	
296591.12	0																				1990	
639282.3	0																	206			1380	
397948.3	0	1263												720	1842							
251221.1	0																				4490	929
297245.3	0																				2618	904
431947.6	0																		2099			
470146.3	0																	516			929	
83333.1	0					1050						1052	2301			1053				3908	638	
515622.3	0																	1643			1448	
252305.5	0						1624			1871								3198			3437	
224325.1	0	1986												4				749				
568817.3	0																					
413999.4	0		2597										2743					2520				2828
574087.3	0																				603	633
452638.3	0																				1416	
633149.4	0						822		316	2392,1790									187		3386	
258594.1	0						837		602	3114											4917	
444177.5	0							1364					3117,3447,3118					4425			3924	
1121428.3	0																				1165	1140
290315.4	0																				115	2605
103690.1	0																				4476	4394
435590.6	0																		1242		1807	
411901.7	0																		282		1588	
1146883.3	0																				1441	1478
335541.4	0																	572			1543	1516
756067.3	0		4255																		4866	198
182217.3	0																				397	
526218.6	0																	1984			177	
479436.6	0												415					977			797	866
1007105.3	0																				1535	3075
96561.3	0		1959						2473,2258												92	2442
37692.4	0																					
521098.5	0							17					2053					2457			1967	1005
931626.3	0																	1765			2133	2805
314230.4	0																				4644	822
203122.12	0											2422							1467		3333	
573065.6	0						2563			2823,3080									2765		3796	
302409.3	0						789			524											585	
629741.3	0																				3023	
339860.6	0	569												594								
1085623.3	0									1257											2021	2747
595494.3	0												1444			3038				2577	2813	759
563194.3	0																	444			650	
293653.3	0																	599	728		1878	
382464.3	0									484		923	3793		3397			127			3209	
288000.5	0						1025		7373	4695											7675	
240292.3	0																				1334	2610
349101.4	0						571			2081								1052			2516	
314232.4	0						2887			1548								882			1107	
203120.4	0																	1333			1682	
290339.8	0					2043						2040	788			2039				3275	2390	
195103.9	0																	2249				2218
648996.5	0	1656																			218	1140
882.5	0																	1511			1492	
641118.3	0						567			3341			1464								2244	
675812.3	0											1034						3101		318	1719	2586
488538.3	0						1128														2612	
749927.5	0																		8811		6963	
525146.3	0									1244								1142			652	
212042.5	0						95			542											197	
862517.3	0																	1374			1695	577
1132443.3	0																			698	2667	4425
177439.1	0																	2180			2618	885
749222.3	0												878								186	
264732.9	0																	2446			550	573
399549.6	0	2134												2219								
240015.3	0				17														711		1328	1995
1002809.3	0							3242					352					388			1540	
226900.1	0												2320,294,857			4486		2688			4151	
156586.3	0																		562		1695	
498217.4	0					1318						1320	2232					2133			2434	1740
696747.3	0		5252																		6896	461
1171377.3	0												1154								2264	
237727.3	0																				3265	
394503.6	0																	258			1404	2148
1255043.3	0																				2542	
169963.1	0																	1440			1478	
314285.4	0																		2584		2265	
693216.3	0					1565						1567	2799			1568				294	1208	
326442.4	0											145						428			880	2632
546274.4	0																					
393115.8	0												1553								1182	1404
134676.3	0																				1281	
511051.3	0																				949	
309807.19	0																				2648	2905
983917.3	0																				3759	1014
471852.6	0																				1583	3330
467705.8	0																	1600			445	
290633.1	0						1806														2708	
517417.4	0																				2144	2025
870187.4	0											433	171								3994	3595
207949.3	0																				1893	
517418.3	0																				3214	945
309798.3	0																	381			512	
318586.4	0						4085			3758			2341					3450			5015	
298386.1	0											731	4617					1461,3770		5624	5130	4672
273063.1	0	191												351								
675635.11	0																		5729		2018	
221109.1	0																	1020			1983	
391037.3	0																				3710	
644966.3	0																				2243	2222
262768.1	0																					
272624.3	0																				158	2708
663278.4	0																	60			379	2286
561229.3	0					2324						2322	1380			2321				3939	3015	
694427.4	0																		1739		2887	
590998.5	0																				2414	
1248916.3	0						296														411	
228405.5	0									2201,1462											3454	
380703.5	0					819						2749	2286					2853		3491	3103	
259536.4	0												1869								357	
316279.3	0																				745	
314260.5	0									483									1331		2792	
63737.4	0																				4527	2481
445970.5	0																				2447	
1234409.3	0																	537			674	
1230341.3	0																	1345			962	
448385.11	0								7943												8740	8314
675817.3	0									3803		3540	1363					1209		2279	299	771
380749.4	0																				1150	471
266835.1	0						5915		2642	676			945								7464	
381764.6	0									578											337	
1199245.3	0																					
269800.4	0																				1286	
444157.3	0	1780												1522								
212717.8	0												2019					1714				2103
580327.4	0																	263			1158	1207
314292.23	0									3115		602	1635					2134		4337		
1026882.3	0																				1882	
526227.6	0																		2506		777	
655811.4	0																	1161			110	290
754252.3	0																				850	
351605.4	0								2885				1415					4076			4048	2009
272564.4	0		1549										404					2779			4958	1659
634176.4	0												352								1398	
717231.3	0																				1443	
190304.1	0												201					303				
716540.3	0												2339							247	3687	
218496.1	0																					
314231.3	0						453			2084			971								317	
306264.1	0												899								935	
402880.8	0	41												1237				1443				
323259.5	0	2652												456				1214				
592010.4	0																	783			222	
419610.8	0						2989		826	837			3459								4545	
717773.3	0																				1390	
693978.3	0																		135		1249	
873533.3	0																		1356		621	
979556.3	0												1856								3347	
867900.3	0																1646		2665		578	
765912.4	0									3333											1043	1961
1117647.4	0												1713,319						871	2614	1443	
983544.3	0																		2928		1718	
456827.3	0												928								341	
400668.6	0											3574	4036								2907	3051
221988.1	0												815								1723	
226186.1	0																		2548		4006	
1278308.3	0																				985	
525898.7	0									928			1393					281			426	
272620.3	0					1093						1095	2728			1096				4399	690	
187303.17	0								871												630	
575589.3	0																				2183	
198094.1	0		2841										285,873			4549		2600			4206	
655438.3	0																			1983	1713	1619
477974.3	0																	337			1790	1973
299768.3	0																	1316			1675	
530564.3	0														1662						1123	601
1185876.3	0																		5555		4520	
399742.4	0					1557						1559	2754			1560				290	1179	
562970.4	0							1809													3518	997
716544.4	0																				1333	
504472.7	0																		6679,5535		3005	
525897.5	0																	143			818	
387344.13	0																	778			2263	
883111.3	0																	327	444,560		767	
269798.12	0																		3258		583	
264731.4	0																		2787		40	
272635.1	0																					
243273.1	0																					
334380.3	0									1211												
402881.6	0		3311				665		1719	2785											3651	
709991.3	0																		3015		508	
349163.4	0		1088				2256		1494												3564	
316067.3	0								3647									2270			625	
868864.3	0	120																			82	1141
717606.6	0									2997,2429					1012			117			217	266
426355.14	0				4140		1627			1921											6485	
263820.1	0													555								
59748.8	0																					
83332.1	0																				2422	
1279017.3	0												793,2706						3671	2942	1406	
441768.4	0																				833	
393595.12	0																			256	1954	
1303518.3	0																	3027			659	2362
155920.1	0																				2403	
743721.3	0												68								2253	
398578.3	0																				3513	5535
1073972.4	0																					
521095.6	0																	292			664	
583345.3	0																				2393	
1162668.3	0																				214	
137722.3	0				4651		1048			2035			1058								6844	
272631.1	0																				897	
357809.4	0																	2833			2514	
471857.5	0																		3467		1255	
585506.3	0																	35			586	
243277.1	0											3468	2355					1664		325	940	
391009.4	0																				1617	
537021.9	0						371														1185,682	
498761.3	0																	488			2412	2200
632518.3	0																				1124	1208
160491.17	0																	1611	1513		1950	
453591.8	0	223												36								
323848.3	0																				382	
1122132.3	0						1567		2465												2088	
360107.5	0												711								763	
484022.4	0												1297								1693	388
262543.4	0							213										949			773	
717959.3	0																		1036		1473	
59374.5	0																	174	2573		450	2133
880591.3	0						1014			1275			3109					1181			3375	
410359.7	0	1185												1772								
263358.5	0																				4826	
265311.3	0																					
926569.3	0																				908	
883161.3	0																				1493	
378806.8	0												1721								8611	7508
645991.3	0																				2626	2604
243265.1	0					1974							3041								1234	
224308.1	0							2167,1766										4061			2565	
272558.1	0												2122								1328	
269483.3	0		6137		5742																6374	
357544.13	0																				1388	
330214.5	0																				1044	936
342108.5	0						3034			2164,3724,3270,2202,1617,1314,1618,2775,2689											4178	
671143.5	0																				287	1969
99598.3	0												1548								4018	5687
264201.15	0																		1875		1267	
235909.3	0																				2612	
439375.7	0						638		1085	3841			1980								5081	
387093.4	0																	1249			2124	
324057.4	0														2704			2029			4001	2200
243164.3	0																				530	717
1279038.3	0						1509		3516	3554			2224								1419	
289376.4	0																	995			1563,1613	777
439292.5	0																	529			2513	
224914.1	0						1450		190	2720			697								3344	
243275.1	0																				1732	
335283.5	0																				1899	2243
929713.3	0											4018							1954		3072	
685727.3	0																		971		2963	
197221.1	0																				2512	996
338969.3	0																				2491	
257311.1	0																				2287	4038
243231.1	0																	2955			3188	1413
575540.3	0			1028								3725							3628		4801	
1209989.3	0																				1862	1321
471854.4	0																		161		3270	
374847.3	0	987																				
883098.3	0																		1847		116	
160492.1	0																				2960	
62928.7	0									2529											3656	
391600.3	0						2566			1213,808									2975		2892	
336407.4	0		6,7				78			173											192	
297246.3	0																				1923	1377
535289.3	0									987											1743	769
314262.3	0		2004				4294						770					2135			4567	
190650.1	0						3372		846	2445,1829			371						2629		3406	
340099.4	0												1894					251			1404	1354
667015.3	0																		2143		1549	
519442.4	0	1053												1020								
630626.3	0					2350						2348	1173			2347		748		3627	2643	
293826.4	0									3056								1632			2223	
572265.5	0																					
1206109.5	0																					
375286.6	0																				560	3303
335284.3	0												1954								823	
300852.3	0																				1117	
273075.1	0	566												1465								
349968.3	0					355						353	3601			352				2920	2344	
163164.1	0						660			196											1001	
1006551.4	0					3457						3459	5346			3460				1604	2868	
272568.11	0						316														1069	
519441.6	0																	535			1089	
521096.4	0																				2920	
326297.7	0												1196							366	2424	
262698.3	0						507		1808	2533			1215								3320	
546269.3	0																				1087	
419665.8	0	513												680				452				
194439.1	0																				2326	58
167555.5	0																				912	140
416591.4	0																				1978	
33169.1	0	899		2113										4436								
880073.4	0																				1876	306
665571.4	0																				1017	
411490.6	0																	715			1234	
741091.3	0					1699						1701	1208			1702				4110	3189	
226185.1	0							3245,478										1509			3368	
391735.5	0		4043																		2463	
267671.1	0																				2299	2247
545694.3	0																	2074			663	2918
273121.1	0												1091								625	
391008.3	0																				4118	
87626.5	0											1305						926				1308
393305.7	0					2570						2566	1393			2565				387	3195	
908337.3	0							775										745	127,1685		975	
406818.4	0					2002							2681								2890	
485916.5	0														2656						3361	3271
768704.3	0												1428					4058			840	880
521674.6	0																		1572		1613	3627
243365.1	0																				518	622
452659.3	0						348			380											1464	
465515.4	0																				972	
1007096.3	0																	2712			838	1725
694569.3	0												150								1061	
205914.5	0												1250								344	
645512.3	0																				567	
761193.3	0																		5501		3283	
6035.1	0	1325		529										1578								
287752.3	0						3712			2392											4087	
229193.1	0					1821						1823	2334			1823			3058	2989	1072	
243276.1	0																				734	
257363.1	0						202			220											765	
314275.6	0																			648	1681	
888741.3	0																				2618	
227882.1	0																				5483	
983954.3	0																				194	
283942.3	0																			2295	1037	
216432.7	0																		2127		1565	
679197.3	0																				831	
348780.3	0	856												392								
1028307.3	0					3259						3261	4883			3262				1628	2772	
314254.5	0									1252,1062											2591	
420246.5	0																				2362	
556267.4	0												452								1273	
651182.5	0								3818									1448			3691	2927
1171373.8	0																				3402	
590168.4	0																	379			786	
1203605.3	0																				35	
436308.3	0	1531												291								
573370.3	0									461								2482	2454		4481	
368408.5	0	505												268								
365046.3	0																				2167	
1235755.3	0												1729					1977			1402	
685035.3	0																		2440		2805	
395019.3	0				2038																1090	
511145.6	0					1099						1101	2407			1102				4091	659	
575609.3	0																				922,921	883
138119.3	0												1920					2637			3135	2576
188937.1	0	3628												3121								
591001.3	0												10					632			152	740
1179773.3	0																		538		1436	
742159.3	0		3881																		3401	
1208365.4	0																				659	49
106370.11	0																				4525	
864564.3	0																				1054	
388919.8	0																	1548			523	
264462.1	0																				3522	
335992.3	0																				1186	
45361.3	0																					
598659.3	0																				439	
330779.3	0	1523												2103								
266834.1	0		5888				2214		3906	2588			3242								6238	
391616.3	0						5630			3544								131			2472	
314607.3	0																				258	
443906.9	0																				1527	
446471.6	0																				2293	
477641.3	0																				1633	1662
565654.4	0																	2669			3239	
478801.5	0																				1102	
546271.3	0												1766					736			1364	1790
415426.7	0	518												523								
398720.4	0																		2715		1076	
552396.3	0																	2183,391			1072	
97393.1	0	116												1813								
522306.3	0									3101			4851								1382	4418
313596.4	0																		2433		2955	
204669.6	0																				24	781
446466.7	0																				2292	
391165.8	0						2189		608												2418	
526222.3	0																	2253	801		2493	
1169145.3	0																				273	
891968.3	0																				848	
552811.9	0																				1180	
760192.3	0																		3159		3804	
1173026.3	0																				3957	4366
657313.3	0									2010								2563			1948	
907.4	0												2131					163			306	1803
653733.4	0																	1869			2265	407
1195246.3	0																			2371	3036	
383372.4	0																				4341	
388413.5	0																		2660		4183	
479434.6	0																				3592	798
706434.3	0																	1102			1207	607
655815.4	0																		1182		784	
525280.3	0																	1235			819	
1123502.3	0																				1211	393
134287.3	0																					
911045.3	0						1530		9												699	
638301.3	0							613										521			242	
871585.3	0																				3472	
334413.6	0																	1801			574	980
335543.6	0																		3471		4325	
649638.3	0																		573		28	
292415.3	0																				2513	
457570.7	0																	1264			550	1205
501479.3	0						713											1092			138	
857087.3	0																				1631	643
521460.8	0																				1322	1403
177437.4	0												253					1802			3282	3951
272942.6	0						3132			2684			240					2525			79	
592031.3	0																				939	842
593907.5	0																				1185	
314723.3	0																				788	
223926.6	0											4151	451					1688,1106		2808	693	
410358.8	0	1140												548,547				1190				
929563.3	0														1659						2186	
523850.3	0	559												727	611							
608534.3	0																	4			1677	
755732.3	0																		1334		2695	
314266.4	0												2510						698		2038	
556268.6	0																				709	
1193729.4	0						38														850	
218497.4	0																				777	
637380.6	0		3372										620,1219			5064		3111			4685	
85962.1	0																				1401	
243274.1	0																	581			146	
1051632.5	0																				3755	
566551.4	0					1397						1399	2935			1400				21	937	
985867.6	0																				2086	
97084.1	0																				3357	
272634.1	0																					
347257.4	0																					
511680.4	0																	812			121	
247156.1	0																		696		1405	
235279.1	0												1027,1654								350	
271065.3	0																			4001	1893	2471
329726.14	0																				7758	1971
570509.6	0																					
321967.8	0																	1371			1654	
390333.6	0																	893			1340	
216596.11	0		1382,1380				2227			2949			4088								7555	
1140.3	0		1310																		1484	1446
405948.6	0																		551		6980	
452637.4	0												1361					2781			1841	
442563.3	0																				1332	1486
515620.4	0																	469			939	
768066.3	0																			729	1280	2675
580332.5	0									1299											2718	615
1122137.3	0						2951		2763	3455											1707	
264203.3	0						1302												1289		140	
246194.3	0																				607	753
338963.3	0																	2150			2552	2274
445987.3	0																				1239	
290512.6	0																				142	2354
357808.3	0								4477												3140	
643867.3	0																1199		2573		1900	
405955.9	0					891						893	2098			895				3763	509	
411154.5	0																		2144		2544	
485917.6	0																		281		31	
269796.9	0				1538		3349														1301	
267377.1	0	1534												382				219				
266264.4	0																				1186	
1122135.3	0						741		2285	2603			3167								4431	
1048339.3	0		4532										1538								4967	4929
156889.7	0																				3455	
1218108.3	0																		249		1959	
1163389.3	0												1031								1202	525
176279.3	0												932					1424			1316	
160490.1	0																	278	361		1802	
592026.3	0							654,881										665	57		849	
342610.6	0		3257									1228									1667	
450851.6	0						956			2151,1813											4318	
582744.3	0																				2112	
1157951.4	0					4055							520			3986					3093	
582899.7	0						3010			645											206	
392499.4	0						1697						483								2737	
553190.4	0																				880	756
232721.5	0																				1973	916
640081.3	0		67							759,2660											437	1371
292805.3	0						209			172											233	
444158.3	0	1122												518				726				
429009.3	0																	1616			2210	1939
180281.4	0																				2353	1396
309801.4	0																				886	
648757.4	0						1831														3216	
375451.6	0						1998			2348								3273			583	
572480.3	0									1383								1218			418	
479432.6	0												5308								7142	2268
553217.3	0												672					2369			2219	
572477.4	0												1102						358		2127	416
634503.3	0					1412						1414	2444					2331			2627	
298653.4	0																				5135	
509169.3	0																		1993		4556	
324925.4	0																				97	
176299.3	0						1149		3713	591			2640								5458	
533247.5	0																				1328	3009
355278.4	0																				1834	1532
187420.1	0	1586												1661								
1120961.3	0						1322		373	2592			3250								3399	
420247.6	0	693												590								
445973.7	0																	1270			1365	2580
323261.3	0																		589		2524	
314265.3	0						107											322			896	
159087.4	0																				274	
396588.3	0									500								2569			2245	1066
399726.4	0												267					676			2058	1300
295358.3	0																					
196627.4	0																		763		2330	
326424.13	0																				1746	
649639.5	0																	1449			1618	
272562.1	0																	2285				1447
795359.3	0																	1563			1665	1199
1078846.3	0																				3649	2924
281309.3	0		3002										297,897			4658		2727			4308	
190485.1	0																		2177		4263	
1156986.4	0																				496	
272844.1	0	1197												1326								
167879.3	0											109	324,2380					449			1580	
379066.3	0																		4000		1239	
351160.3	0													1705								
160488.1	0				2034																4744	424
259564.8	0	2272												1762								
203275.8	0																		1537		2139	
399741.3	0					2801						2799	3375			2798				312	1214	
499177.3	0																	317			1354	1777
360095.7	0						403														313	
543728.3	0												892								2682	1196
388399.4	0						1129			3558								2892			2916	
234267.9	0																		3388,7337		7622	
272633.1	0																					
657314.3	0				2370								1267					868			2491	
1260251.3	0																				1463	1077
266117.6	0																	752			1398	671
349124.5	0																				2109	228
521003.7	0																	435			1116	
224911.1	0						1182		217	5123											8627	
272557.1	0													831								
362242.7	0																				4299	
479435.6	0																				2309	
666685.3	0																		3419		1069	
370438.3	0																				946	999
479437.5	0																	976			2071	1786
245012.3	0																	2855				
592022.4	0												2090					2459			4562	
639283.3	0						597														4548	
396513.4	0							25					1316					1489			1214	
290397.13	0												963								212	179
13035.3	0																				2127	552
563192.3	0																				3292	
326426.4	0																				844	
1123236.3	0																			805	3230	2245
196162.6	0																				1995	
1147128.3	0																				710	
675814.3	0									695,3275		3144	737					4553		45	249	
445932.3	0																				939	321
397945.5	0																				2734	
400667.4	0																				569	
392500.3	0											2035	3031					2436		285	3659	
657321.5	0																				420	931
243233.4	0																				1978	
572544.3	0												1502					242			1775	
608538.3	0																				1440	1530
204536.4	0																				1409	934
452662.3	0												2614						1453		287	
572479.3	0																		533		1357	656
871968.4	0												1043					117			937	959
521045.3	0																				1618	
644282.4	0																				2473	
880072.3	0																				3196	
267748.1	0																					
1005048.3	0																				1079	
552526.7	0																	1644			1705	
762948.4	0																				2021	
575594.3	0																	227			563	
767100.3	0																				618,617	1034
357804.5	0											1809	1379					1733		3040	1103	
101510.15	0																		5013		1319	
862965.3	0												1899								123	
592028.3	0																	329			181	301
880071.3	0																		1965		902	
243230.1	0																	2755	297		2758	
290398.4	0																				2598	903
866536.3	0																		338		156	
471855.5	0																	1607			1290	
205921.3	0																	1707			1862	
363253.4	0																				1102	
638300.3	0												1010								835	
525904.6	0																	1827			1871	1120
246197.19	0												984						823		1100	
643562.6	0		3325															1514	934		1830	
523791.5	0																				313	
446469.4	0																				3235	
1172188.3	0																				3496	
192952.1	0	625												426								
369723.3	0																				3419	
395493.3	0		2297																		2136	
1166018.3	0		2443																1961		5795	
290318.4	0																				165	1698
71421.1	0												188								33	
246200.7	0						3134			2808								3213			226	
869210.3	0																				272	
563178.3	0																					
649349.3	0																		2018		1790	
626523.3	0																	780			952	
600809.5	0																				419	
203267.1	0																					
279808.3	0												2450					1748			1017	
431943.4	0																	1224				947
380394.3	0																				2544	
525909.11	0																				2182	
59196.3	0																				371	1134
282458.1	0							790					1696					2657			1581	
504728.4	0																		1558		1837	
598467.3	0					2525						2523	1356							4283	3207	
65093.3	0																				2065	3145
666684.3	0						2385		1179	3485											3785	
469381.4	0									157											1536	
265072.7	0																				589	
500635.8	0												737					1070			1991	1438
224326.1	0																				1168	
452652.3	0																				2598	
340177.8	0																				89	1978
452471.3	0																		803		237	
504832.4	0						787		217	1823											3789	
710696.3	0																				1433	
164546.7	0																				833	
469618.3	0												2002,1547					2854				
446470.6	0												5415								6488	
382638.8	0																				23	
545696.5	0																	970,3411			3006	
592029.3	0																		2477		565	
372461.16	0																					
883.3	0									1168								441			463	
115711.7	0																				912	
354242.8	0												1447								1390	
367737.4	0												261					1551			2070	
1121876.3	0																				2760	818
565045.3	0																		809		2348	
264198.3	0																				3191	
1316932.3	0												1537								465	
436114.3	0																				1028	
313595.4	0																		3610		3496	
521097.5	0																		1951		1635	
272559.3	0																		3274		802	
398767.5	0																	2557			3549	2643
207559.3	0																	1591			1569	
563041.5	0																				1446	
203123.5	0																	1015			899	
406327.7	0	872												1404				1265				
411466.7	0																				1370	
290338.6	0					1673						1671	385			1670		1230		2515	2100	
52598.8	0						2068			2507								222			1060	
446468.6	0																				3513	721
487797.3	0																		1351		941	
869209.3	0																	462			945	
411483.3	0																	261			1111	1317
83334.1	0					1491						1493	3208			1494				4894	751	
706191.3	0											1502	2788			1503				233	1159	
445972.6	0																				2590	2395
680198.5	0																				5929	
288705.3	0																				3372	
311403.8	0						3454			3935			4656								6998	
491915.4	0							1382													837	
471853.5	0																				1672	
577650.3	0								2446	2514								3022			929	3085
940190.3	0																	1101			1962	
269797.3	0	374												2364								
257310.1	0																				1859	4842
203124.6	0		1728																		6564	
670487.3	0																				667	
374463.4	0					227,257																
743720.3	0																				3615	
632292.3	0																				1559	1481
1203568.3	0																				1794	
1191523.3	0																				2432	2574
203119.11	0																				1306	1448
228410.1	0																				344	
471856.5	0																				1714	
190486.1	0																		2281		4506	
1069534.5	0																	1010			1155	
325240.9	0											2039	1926					4284		615	3635	
222891.5	0						129			407											728	
882102.3	0											3002	805					1829			2147	
1121451.3	0																	2211	380		2556	
591365.3	0																	463			1411	
196164.1	0																		897		2255	
583355.3	0																	2756			1383	
273123.1	0					2121						2123	2722			2124			294	422	1220	
376686.6	0																		4530		2590	
471821.5	0																				614	
198215.1	0					1032						1034	2182			1035				3152	4343	
69014.3	0	137												1094	1067							
428406.5	0																				5322	
765420.3	0								2066	2047									3260		3587	
122587.1	0												1897								388	
696748.4	0												1064								1865	
1298593.3	0												1180							3518	2809	3142
983545.3	0											3424									2932	
718255.3	0																	1978			2625	
469596.3	0																	2971			2604	
446462.8	0																		502		1225	
562982.3	0							337										106			795	
269799.3	0																	531			2435	1792
64091.1	0	980												2198								
314283.5	0												572							3937	3517	
525364.3	0																	798			546	
744980.3	0						240		1051				1128								1487	
244592.3	0						3129						583								5403	
243090.1	0																	3959			7484	5411
391904.3	0																				1734	
589865.4	0																	704			654	1995
317655.9	0																		409		535	
452863.6	0																				2814	
312153.3	0												14								637	
746697.3	0																		2518		439	
937774.3	0												1302								1087	
228908.1	0	118												292								
526224.6	0									415											2407	
717961.3	0																				1303	2226
190192.1	0	1056												91								
688270.3	0																1781		3736		2360	
411684.3	0		1564				2845			3379			312								1321	
243232.1	0	1081												741				627				
391587.3	0																		831		4013	
515618.4	0																					
243161.4	0																				472	
269484.4	0						853			72											666	
316274.3	0																				5447	
445971.6	0																				43	830
551115.6	0									6600											3356	4637
521011.3	0	72												1623				1930				
331104.5	0																				210	
1184607.3	0																				56	
1088868.3	0						1139														1992	
350688.3	0																	1927			1715	1214
580331.4	0												320					2186			879	936
398580.3	0						1140			2804								2908			87	
1049789.4	0																				3099	865
702113.7	0																				219	
1215343.11	0						105		288												345	
272843.1	0												361								1923	
63186.3	0																		4641		680	
240016.6	0		527										5736		6125			318			2569	
857290.3	0																				288	
1173022.3	0		3673																		5447	157
866775.3	0																	1044			1337	
261594.1	0		3147										593,1181			4855		2907			4512	
217.1	0																				1586	
224324.1	0																				888	111
319795.16	0												1416					887	2578		680	
204773.3	0																				518	
426368.9	0	792												1394				1231				
1069080.3	0												222					1796			1027	1170
399550.6	0	810												921								
485913.3	0																	4074			11654	2279
610130.3	0																	92,1244			2168	
645463.3	0												2055			3471		360			2570	2496
313590.6	0																		2046		1719	
313589.5	0																				3996	
326298.3	0																	2078			1384	
403833.5	0																				1961	
483216.6	0																		2806		1514	
512562.4	0																				1392	
279714.3	0																				31	107
368407.6	0	1894												937				489				
1538.8	0												4291					1014				770
314264.3	0						307		4479	4186								1965			9687	
557723.7	0												682								1227	
525903.6	0									1727,359,1374											1769	635
273057.1	0	418												259								
316407.3	0					1027						1029	2263			1030				3159	622	
479431.6	0																				1538	1605
525919.4	0																	564			870	1639
903814.3	0																1688	3370			1560	858
402612.4	0																		1021		594	
187272.6	0																				383	1447
768710.3	0												3260					3860			4926	4882
4896.1	0	819		3320										2598								
4932.3	0	849		43										1122								
573234.4	0																					
322710.5	0																				786	4351
246196.19	0																				4483	
595499.4	0																					
266265.5	0																				1217	
266117.19	0																	854			1569	764
266940.25	0																				3437	
